884
470
908
868
854
23
712
715
78
326
598
58
740
467
183
690
490
857
643
340
795
580
178
274
565
514
451
788
612
154
877
452
710
413
99
385
275
216
594
774
331
885
133
335
337
714
625
219
475
867
533
125
308
663
316
967
620
687
292
16
165
21
561
929
936
17
571
358
622
734
471
876
832
405
807
976
505
910
423
425
965
609
176
566
226
189
37
126
289
369
223
844
649
374
102
149
532
22
112
162
77
637
114
406
752
648
132
324
942
563
314
607
50
455
110
244
888
513
0
685
956
59
695
644
251
104
781
851
279
195
527
123
271
879
632
109
572
14
241
528
461
896
668
211
950
246
886
809
729
727
47
822
436
657
703
347
121
259
701
492
312
45
460
863
145
272
484
41
255
800
507
839
521
596
957
453
798
816
913
287
305
143
698
814
662
118
541
171
344
670
111
152
197
633
745
830
293
185
838
731
30
497
954
921
420
252
222
356
169
384
468
799
558
57
137
482
964
711
228
970
134
210
129
235
628
128
749
440
591
422
925
387
42
277
581
692
24
732
285
728
198
296
802
28
963
499
553
276
79
624
174
242
208
519
325
898
883
791
87
489
650
231
928
966
262
763
94
502
444
89
759
815
261
716
904
717
338
345
220
789
766
765
52
400
911
237
458
70
107
15
179
402
525
656
739
466
776
437
773
173
361
248
85
357
951
599
646
586
642
12
530
682
977
640
621
92
570
531
804
367
202
604
578
127
943
297
796
827
666
46
254
652
860
29
899
593
267
84
69
537
757
190
730
404
667
812
562
808
968
917
931
332
71
592
82
7
273
350
882
747
941
100
250
526
579
771
64
20
614
549
494
673
905
498
746
429
81
191
396
355
307
407
346
76
887
975
629
631
665
412
779
217
767
829
557
724
175
298
463
511
915
395
372
224
575
874
151
483
696
959
441
299
546
330
478
488
610
550
302
760
627
813
834
825
481
401
937
474
638
939
180
901
424
590
93
268
595
654
719
889
65
750
106
678
636
890
935
700
120
435
794
36
517
388
756
738
806
792
560
544
635
932
569
630
103
518
53
354
33
823
139
846
182
880
476
922
428
817
616
206
623
872
378
360
485
589
786
159
239
364
930
597
567
184
465
399
503
150
552
520
853
871
148
758
188
768
13
859
363
914
286
415
209
534
661
351
95
265
634
769
708
269
895
726
236
232
709
506
688
837
9
304
192
660
611
559
160
418
153
658
245
97
721
3
891
218
140
72
946
723
290
448
19
295
955
907
238
376
751
157
574
810
819
820
848
653
156
196
136
75
408
317
486
793
856
6
841
626
449
108
934
509
833
74
256
51
83
894
737
978
564
213
5
39
617
96
835
869
199
411
365
227
713
410
432
270
61
44
821
313
200
778
119
958
878
263
645
131
742
777
334
303
694
348
785
257
124
394
117
368
243
375
850
702
147
508
510
163
782
855
826
743
605
847
67
135
32
18
380
322
972
655
161
674
362
266
945
426
672
168
969
843
386
618
971
707
456
720
504
193
433
659
373
63
430
861
473
90
319
783
602
419
427
409
230
253
91
933
641
359
280
755
43
446
414
392
34
543
116
68
870
215
98
797
603
523
8
529
328
343
320
389
278
722
10
912
496
588
680
55
301
258
167
897
469
283
166
706
803
584
918
327
291
310
818
583
315
940
693
155
842
979
784
141
2
555
920
664
73
11
431
447
849
691
260
736
54
651
538
735
454
462
754
247
457
522
390
130
146
801
587
142
434
615
501
225
181
464
900
947
31
619
377
953
893
639
101
370
115
556
960
573
949
336
366
113
512
805
903
683
733
353
487
516
926
515
62
881
306
705
547
1
379
961
748
601
371
576
393
938
974
177
288
477
88
421
204
450
675
845
704
862
60
249
205
780
459
568
170
699
201
333
349
600
545
676
927
536
962
480
398
858
40
35
606
679
300
811
26
916
681
479
613
221
647
585
686
472
902
725
164
495
772
240
866
438
309
56
762
906
919
924
944
282
341
416
443
873
381
493
214
49
554
864
264
831
551
952
382
973
80
48
323
311
294
697
669
923
744
718
138
4
540
548
66
775
824
577
397
524
909
122
892
790
352
403
417
770
741
38
284
86
761
753
535
608
445
144
233
840
828
764
948
105
207
787
281
442
342
25
836
187
234
339
186
671
172
27
203
582
158
865
491
500
212
321
875
684
439
329
318
689
542
194
539
391
229
383
852
677
